Dataset: IndianPines
Model: threeLayer
Training Percentage: 0.1
Computation on: CPU 
Number of Runs: 2
Confusion matrix:
[[0.0000e+00 0.0000e+00 0.0000e+00 0.0000e+00 0.0000e+00 0.0000e+00
  0.0000e+00 0.0000e+00 0.0000e+00 0.0000e+00 0.0000e+00 0.0000e+00
  0.0000e+00 0.0000e+00 0.0000e+00 0.0000e+00 0.0000e+00]
 [0.0000e+00 1.3000e+01 1.0000e+00 0.0000e+00 0.0000e+00 1.5000e+00
  0.0000e+00 0.0000e+00 2.3500e+01 0.0000e+00 5.0000e-01 5.0000e-01
  0.0000e+00 0.0000e+00 0.0000e+00 1.0000e+00 0.0000e+00]
 [0.0000e+00 0.0000e+00 7.1050e+02 7.8000e+01 4.6500e+01 1.5000e+00
  5.5000e+00 2.5000e+00 2.0000e+00 0.0000e+00 9.1500e+01 3.1150e+02
  3.5000e+01 0.0000e+00 0.0000e+00 5.0000e-01 0.0000e+00]
 [0.0000e+00 0.0000e+00 8.4000e+01 4.1150e+02 1.0000e+01 5.0000e+00
  1.4500e+01 1.0000e+00 1.0000e+00 0.0000e+00 3.8000e+01 1.4100e+02
  4.0000e+01 5.0000e-01 5.0000e-01 0.0000e+00 0.0000e+00]
 [0.0000e+00 0.0000e+00 4.0000e+01 4.0000e+00 1.0050e+02 0.0000e+00
  2.4500e+01 1.0000e+00 3.0000e+00 0.0000e+00 8.5000e+00 2.9500e+01
  1.0000e+00 0.0000e+00 5.0000e-01 5.0000e-01 0.0000e+00]
 [0.0000e+00 1.0000e+00 0.0000e+00 0.0000e+00 1.5000e+00 2.8450e+02
  1.8500e+01 5.0000e-01 1.5000e+01 0.0000e+00 5.0000e-01 6.5000e+00
  1.0000e+00 0.0000e+00 9.1500e+01 1.4500e+01 0.0000e+00]
 [0.0000e+00 0.0000e+00 0.0000e+00 0.0000e+00 0.0000e+00 0.0000e+00
  6.1750e+02 0.0000e+00 3.0000e+00 0.0000e+00 0.0000e+00 1.0000e+00
  0.0000e+00 1.5000e+00 1.3000e+01 2.1000e+01 0.0000e+00]
 [0.0000e+00 0.0000e+00 0.0000e+00 0.0000e+00 0.0000e+00 1.0000e+00
  0.0000e+00 1.9500e+01 3.0000e+00 0.0000e+00 0.0000e+00 1.5000e+00
  0.0000e+00 0.0000e+00 0.0000e+00 0.0000e+00 0.0000e+00]
 [0.0000e+00 9.5000e+00 0.0000e+00 0.0000e+00 0.0000e+00 5.0000e-01
  3.0000e+00 0.0000e+00 4.1650e+02 0.0000e+00 0.0000e+00 0.0000e+00
  0.0000e+00 0.0000e+00 0.0000e+00 5.0000e-01 0.0000e+00]
 [0.0000e+00 0.0000e+00 0.0000e+00 0.0000e+00 0.0000e+00 5.0000e-01
  1.1000e+01 0.0000e+00 0.0000e+00 1.5000e+00 5.0000e-01 3.5000e+00
  0.0000e+00 0.0000e+00 0.0000e+00 1.0000e+00 0.0000e+00]
 [0.0000e+00 0.0000e+00 2.6000e+01 2.1500e+01 2.0000e+00 2.0000e+00
  8.0000e+00 0.0000e+00 5.0000e+00 0.0000e+00 6.2050e+02 1.8300e+02
  7.0000e+00 0.0000e+00 0.0000e+00 0.0000e+00 0.0000e+00]
 [0.0000e+00 0.0000e+00 1.0200e+02 5.9000e+01 5.5000e+00 6.0000e+00
  1.6000e+01 7.5000e+00 1.4000e+01 0.0000e+00 1.7100e+02 1.8205e+03
  7.5000e+00 0.0000e+00 0.0000e+00 1.0000e+00 0.0000e+00]
 [0.0000e+00 0.0000e+00 1.4000e+02 3.2000e+01 2.1500e+01 2.5000e+00
  6.5000e+00 0.0000e+00 5.0000e-01 0.0000e+00 3.8500e+01 1.2700e+02
  1.6550e+02 0.0000e+00 0.0000e+00 0.0000e+00 0.0000e+00]
 [0.0000e+00 0.0000e+00 1.5000e+00 5.0000e-01 1.5000e+00 5.0000e-01
  1.0500e+01 1.0000e+00 2.5000e+00 0.0000e+00 1.5000e+00 1.9500e+01
  0.0000e+00 1.4200e+02 0.0000e+00 4.0000e+00 0.0000e+00]
 [0.0000e+00 0.0000e+00 0.0000e+00 0.0000e+00 0.0000e+00 4.0000e+00
  3.5000e+00 0.0000e+00 5.0000e-01 0.0000e+00 0.0000e+00 5.0000e-01
  5.0000e-01 1.0000e+00 1.1150e+03 1.4000e+01 0.0000e+00]
 [0.0000e+00 0.0000e+00 0.0000e+00 5.0000e-01 0.0000e+00 4.0000e+00
  1.0750e+02 0.0000e+00 1.5000e+00 0.0000e+00 2.5000e+00 6.5000e+00
  2.5000e+00 1.9000e+01 1.0950e+02 9.3500e+01 0.0000e+00]
 [0.0000e+00 0.0000e+00 0.0000e+00 5.0000e-01 0.0000e+00 0.0000e+00
  0.0000e+00 0.0000e+00 0.0000e+00 0.0000e+00 5.0000e-01 6.0000e+00
  3.0000e+00 0.0000e+00 0.0000e+00 0.0000e+00 7.4000e+01]]
Aggregated results:
Accuracy: 71.610 +- 0.076
	Undefined: nan +- nan
	Alfalfa: 0.378 +- 0.156
	Corn-notill: 0.595 +- 0.017
	Corn-mintill: 0.607 +- 0.006
	Corn: 0.493 +- 0.045
	Grass-pasture: 0.759 +- 0.030
	Grass-trees: 0.821 +- 0.002
	Grass-pasture-mowed: 0.691 +- 0.091
	Hay-windrowed: 0.904 +- 0.010
	Oats: 0.153 +- 0.047
	Soybean-notill: 0.673 +- 0.037
	Soybean-mintill: 0.748 +- 0.007
	Soybean-clean: 0.412 +- 0.043
	Wheat: 0.815 +- 0.022
	Woods: 0.903 +- 0.006
	Buildings-Grass-Trees-Drives-xxxxxx: 0.375 +- 0.009
	Stone-Steel-Towers: 0.937 +- 0.000
Kappa: 0.673 +- 0.002
Training time : 63.531 +- 3.173
Testing time: 5.394 +- 0.088
Total time: 68.925 +- 3.261
