Dataset: IndianPines
Model: SVM
Training Percentage: 0.1
Computation on: CPU 
Number of Runs: 2
Confusion matrix :
[[0.0000e+00 0.0000e+00 0.0000e+00 0.0000e+00 0.0000e+00 0.0000e+00
  0.0000e+00 0.0000e+00 0.0000e+00 0.0000e+00 0.0000e+00 0.0000e+00
  0.0000e+00 0.0000e+00 0.0000e+00 0.0000e+00 0.0000e+00]
 [0.0000e+00 0.0000e+00 0.0000e+00 0.0000e+00 0.0000e+00 0.0000e+00
  0.0000e+00 0.0000e+00 4.0000e+01 0.0000e+00 0.0000e+00 1.0000e+00
  0.0000e+00 0.0000e+00 0.0000e+00 0.0000e+00 0.0000e+00]
 [0.0000e+00 0.0000e+00 3.6250e+02 0.0000e+00 0.0000e+00 0.0000e+00
  3.5000e+00 0.0000e+00 3.0000e+00 0.0000e+00 0.0000e+00 9.1600e+02
  0.0000e+00 0.0000e+00 0.0000e+00 0.0000e+00 0.0000e+00]
 [0.0000e+00 0.0000e+00 7.4000e+01 0.0000e+00 0.0000e+00 0.0000e+00
  1.5000e+00 0.0000e+00 0.0000e+00 0.0000e+00 0.0000e+00 6.7150e+02
  0.0000e+00 0.0000e+00 0.0000e+00 0.0000e+00 0.0000e+00]
 [0.0000e+00 0.0000e+00 9.1000e+01 0.0000e+00 0.0000e+00 0.0000e+00
  2.6000e+01 0.0000e+00 3.5000e+00 0.0000e+00 0.0000e+00 9.2500e+01
  0.0000e+00 0.0000e+00 0.0000e+00 0.0000e+00 0.0000e+00]
 [0.0000e+00 0.0000e+00 1.0000e+00 0.0000e+00 0.0000e+00 5.0000e-01
  9.3500e+01 0.0000e+00 3.5500e+01 0.0000e+00 0.0000e+00 1.8500e+01
  0.0000e+00 0.0000e+00 2.8600e+02 0.0000e+00 0.0000e+00]
 [0.0000e+00 0.0000e+00 1.0000e+00 0.0000e+00 0.0000e+00 3.0000e+00
  6.1700e+02 0.0000e+00 1.0000e+00 0.0000e+00 0.0000e+00 3.5000e+00
  0.0000e+00 0.0000e+00 3.1500e+01 0.0000e+00 0.0000e+00]
 [0.0000e+00 0.0000e+00 0.0000e+00 0.0000e+00 0.0000e+00 0.0000e+00
  0.0000e+00 0.0000e+00 2.2500e+01 0.0000e+00 0.0000e+00 2.5000e+00
  0.0000e+00 0.0000e+00 0.0000e+00 0.0000e+00 0.0000e+00]
 [0.0000e+00 0.0000e+00 0.0000e+00 0.0000e+00 0.0000e+00 0.0000e+00
  0.0000e+00 0.0000e+00 4.3000e+02 0.0000e+00 0.0000e+00 0.0000e+00
  0.0000e+00 0.0000e+00 0.0000e+00 0.0000e+00 0.0000e+00]
 [0.0000e+00 0.0000e+00 0.0000e+00 0.0000e+00 0.0000e+00 0.0000e+00
  1.8000e+01 0.0000e+00 0.0000e+00 0.0000e+00 0.0000e+00 0.0000e+00
  0.0000e+00 0.0000e+00 0.0000e+00 0.0000e+00 0.0000e+00]
 [0.0000e+00 0.0000e+00 5.0000e-01 0.0000e+00 0.0000e+00 0.0000e+00
  1.0000e+00 0.0000e+00 6.0000e+00 0.0000e+00 0.0000e+00 8.6750e+02
  0.0000e+00 0.0000e+00 0.0000e+00 0.0000e+00 0.0000e+00]
 [0.0000e+00 0.0000e+00 5.1500e+01 0.0000e+00 0.0000e+00 0.0000e+00
  1.5000e+01 0.0000e+00 1.1000e+01 0.0000e+00 0.0000e+00 2.1325e+03
  0.0000e+00 0.0000e+00 0.0000e+00 0.0000e+00 0.0000e+00]
 [0.0000e+00 0.0000e+00 7.0500e+01 0.0000e+00 0.0000e+00 0.0000e+00
  2.5000e+00 0.0000e+00 0.0000e+00 0.0000e+00 0.0000e+00 4.6100e+02
  0.0000e+00 0.0000e+00 0.0000e+00 0.0000e+00 0.0000e+00]
 [0.0000e+00 0.0000e+00 0.0000e+00 0.0000e+00 0.0000e+00 0.0000e+00
  1.8400e+02 0.0000e+00 0.0000e+00 0.0000e+00 0.0000e+00 1.0000e+00
  0.0000e+00 0.0000e+00 0.0000e+00 0.0000e+00 0.0000e+00]
 [0.0000e+00 0.0000e+00 0.0000e+00 0.0000e+00 0.0000e+00 1.0000e+00
  8.0000e+00 0.0000e+00 0.0000e+00 0.0000e+00 0.0000e+00 0.0000e+00
  0.0000e+00 0.0000e+00 1.1300e+03 0.0000e+00 0.0000e+00]
 [0.0000e+00 0.0000e+00 0.0000e+00 0.0000e+00 0.0000e+00 0.0000e+00
  1.8950e+02 0.0000e+00 1.5000e+00 0.0000e+00 0.0000e+00 1.6500e+01
  0.0000e+00 0.0000e+00 1.3950e+02 0.0000e+00 0.0000e+00]
 [0.0000e+00 0.0000e+00 1.5500e+01 0.0000e+00 0.0000e+00 0.0000e+00
  0.0000e+00 0.0000e+00 0.0000e+00 0.0000e+00 0.0000e+00 2.8000e+01
  0.0000e+00 0.0000e+00 0.0000e+00 0.0000e+00 4.0500e+01]]
  --
Agregated results :
Accuracy: 51.089 +- 0.043
--
f1 scores
	Undefined: nan +- nan
	Alfalfa: 0.000 +- 0.000
	Corn-notill: 0.371 +- 0.001
	Corn-mintill: 0.000 +- 0.000
	Corn: 0.000 +- 0.000
	Grass-pasture: 0.002 +- 0.002
	Grass-trees: 0.679 +- 0.008
	Grass-pasture-mowed: 0.000 +- 0.000
	Hay-windrowed: 0.874 +- 0.012
	Oats: 0.000 +- 0.000
	Soybean-notill: 0.000 +- 0.000
	Soybean-mintill: 0.575 +- 0.001
	Soybean-clean: 0.000 +- 0.000
	Wheat: 0.000 +- 0.000
	Woods: 0.829 +- 0.001
	Buildings-Grass-Trees-Drives: 0.000 +- 0.000
	Stone-Steel-Towers: 0.648 +- 0.060
Kappa: 0.405 +- 0.000
Training time : 0.106 +- 0.003
Testing time : 3.767 +- 0.355
Total time : 3.873 +- 0.353
